time,x,y,z,phi,theta,psi,x_velocity,y_velocity,z_velocity,phi_velocity,theta_velocity,psi_velocity,rotor_speed1,rotor_speed2,rotor_speed3,rotor_speed4
0.06,9.355182335976892e-08,1.0637837746119679e-06,10.006436260666478,0.000681330913893774,6.283040566573085,0.0,1.1135128096693071e-05,8.358676463537464e-05,0.2145255290879199,0.027681335123383055,-0.007736141378386049,0.0,472.43423762556256,471.83752836976606,470.47699287964576,472.61490529837295
0.12000000000000001,4.383175562936538e-06,2.1353705739973582e-05,10.01705093364626,0.00241210378422263,6.282357263672466,0.0,0.00017455051823685798,0.0007218130994209528,0.13930999588207993,0.03107935679770656,-0.019932212433982664,0.0,377.9841162028713,376.8072196724645,377.0083360227642,377.3368558428594
0.18,3.418727876652571e-05,0.00011588212495923701,10.026094558966992,0.004844394302309318,6.280973829197102,0.0,0.0009349456527614119,0.002627983229870792,0.1621402017467834,0.054773330878286175,-0.030181950248389964,0.0,412.6195397531169,411.7137332256794,410.21349028031653,412.312700644336
0.23999999999999996,0.00014365562940453532,0.0003877166089436422,10.039106935155253,0.0080718923848897,6.279112907767001,0.0,0.002903747566077419,0.006769930299477077,0.27158273617714374,0.051753003076961686,-0.03273622451484352,0.0,438.36758501408957,438.15497297988935,441.7171297067419,441.46996303696295
0.3,0.00042472680508111543,0.0010024802722248987,10.061852216832106,0.011277164741501977,6.277250105192719,0.0,0.006692532021850985,0.014097393656078348,0.4865214874898841,0.056563550453921765,-0.02786593205815477,0.0,472.1284032967491,472.5036816969831,471.6584983273838,472.03150943186967
0.36000000000000004,0.0009735235369006254,0.002129508645884889,10.096948777133896,0.015139146992001251,6.275286030998458,0.0,0.011808778266063233,0.0238949604123453,0.6832597548231765,0.07661518376359425,-0.04488259478281092,0.0,467.4402121062043,466.1120384483606,466.21053217308355,467.777100391618
0.4200000000000001,0.001820372462460345,0.0038272802561940774,10.136801002545827,0.019707039536754678,6.273008308117625,0.0,0.016620212335787816,0.033071469669507386,0.6451622945467173,0.07514687555581935,-0.02683761555972352,0.0,391.14615391394426,392.8218283230661,390.402193278189,390.27064220741323
0.48000000000000015,0.0030654221372989716,0.006300308461868394,10.181595612925179,0.02485771271149062,6.272018587824036,0.0,0.02502608760593099,0.04993289470317198,0.8478486003866443,0.10145904223754706,-0.0012626063057898217,0.0,468.13778058415335,470.12335704322226,467.588438492527,469.6388843451371
0.5400000000000001,0.004780368573134431,0.009792688828832991,10.23388502327021,0.031490121429438744,6.271910037042044,0.0,0.03214699855599205,0.06708187748767805,0.8950786766013034,0.12432990253893932,-0.0029254486974518382,0.0,419.51886313797314,419.37451073448864,420.8797871388689,422.86556537690916
0.6000000000000002,0.006920958661185666,0.014432810862302593,10.28864516530834,0.038700079176178015,6.271426489208061,0.0,0.03923354304162373,0.08826695703011714,0.9302069243600462,0.11017844850248794,-0.0210701864092101,0.0,416.39525250640804,414.80517630581727,418.55662545504265,417.3372873072032
0.6600000000000003,0.009599471030981592,0.020808364597468286,10.353828884057702,0.045291228585579546,6.269878354667229,0.0,0.05023138309350472,0.12512001034600329,1.2422574482848137,0.10919306016227324,-0.037519772796013956,0.0,501.6135020016545,500.41758829669226,500.6131473371111,500.55062830924095
0.7200000000000003,0.012889478594140006,0.029253070374827786,10.430837735408995,0.05249833183690633,6.268007032571404,0.0,0.059636935503545804,0.15705471729287107,1.3245738760318477,0.1359747040392608,-0.02084561352982226,0.0,433.3816416517684,434.7803205558875,430.94653900659233,433.2171740596827
0.7800000000000004,0.016816973404552467,0.039900926283875204,10.515295692165846,0.061276541365617554,6.266852564010794,0.0,0.0714106411051151,0.19881415699462415,1.49043045139289,0.16150787584279247,-0.016211406113290295,0.0,459.21998349720207,459.58745368799015,458.4555250321562,460.49837185416055
0.8400000000000004,0.021632694807360978,0.05386000377530795,10.619221595372018,0.07071408421998182,6.266375505020452,0.0,0.08921079087624179,0.26796175662923033,1.972954190677866,0.1471576550527371,0.004867547704276133,0.0,546.5319810715388,547.9350786852859,548.4802058921584,547.5446171385641
0.9000000000000005,0.02729728572305963,0.07128282419636324,10.738510777385459,0.07948942396042913,6.266479971498217,0.0,0.09958860599086791,0.3136002071140085,2.0032317238030926,0.14439009185750454,-0.005388873728846121,0.0,419.35042816836153,418.4585765713693,418.6827733577239,418.46340617368895
0.9600000000000005,0.03366611154809642,0.09199972422710591,10.864450237536252,0.08794451438779483,6.266156436680195,0.0,0.1127367399682857,0.3779213332334912,2.1943076267884507,0.1328790118523063,-0.005398994669232722,0.0,469.5713350345373,469.5706457838365,470.0109289613046,469.13523745247574
1.0200000000000005,0.0407580239207827,0.11638679410004237,10.99755869492135,0.09549928361029014,6.265546127871975,0.0,0.12370027373039738,0.4357065585293461,2.242466162794599,0.10596007353822993,-0.022019324112892553,0.0,425.38846137546653,423.9629883746158,428.2599174475517,425.9788979985726
1.0800000000000005,0.0486184888530865,0.1448947835589885,11.138864536669821,0.10155546167428575,6.264218061698401,0.0,0.13846663219836441,0.5152596827164548,2.467173547587331,0.0882987619676024,-0.022365637218042453,0.0,481.4176168692314,481.3914348211373,480.7862907692494,479.4542313742262
1.1400000000000006,0.05733280134818902,0.17797313990981062,11.29028182815827,0.10714794898730329,6.2626248132826525,0.0,0.15215639232599712,0.5878859700809407,2.579738675831798,0.10155578539367344,-0.036623878349287035,0.0,448.1676821256251,447.0071219682209,448.06108115729467,449.1447163514353
1.2000000000000006,0.0669897450535985,0.21596388847180373,11.452440065529332,0.11373035311315505,6.2604708261785085,0.0,0.16999877967546917,0.679186530326157,2.8248382823824754,0.12238211253857784,-0.034489863330850544,0.0,488.0714551041828,488.2302473621318,488.0282718500305,489.5894692456017
1.2600000000000007,0.0776322694480955,0.25891183202738655,11.623321051411372,0.1211775642900621,6.258241938595031,0.0,0.18495116280164559,0.7530828742859912,2.8709638794795547,0.12738441961883978,-0.04307788118686613,0.0,429.653511530679,428.92406296037046,428.67526394407497,429.1147033093193
1.3200000000000007,0.08919967411695336,0.3063539996671775,11.796297040587485,0.12860413537089954,6.255424664694619,0.0,0.2008718329528583,0.8289866516555986,2.894717788293041,0.11536366132903868,-0.05612320396347033,0.0,423.0155415184718,421.8891659403528,422.5228743448683,421.4999604957306
1.3800000000000008,0.10190791612869306,0.35908124792788676,11.975262820874729,0.13504197127055662,6.252318814590648,0.0,0.22308937766182285,0.9292768680584318,3.0701928007221952,0.0817896400828343,-0.04422812712798185,0.0,469.5442125282487,470.46450688217067,472.20549046081646,469.61728838347807
1.4400000000000008,0.11586564919951944,0.41730377288125087,12.159918524864876,0.14053978745666562,6.249730487841354,0.0,0.24240163212111088,1.0119180526803278,3.0848460113303116,0.10629543105044609,-0.04104513871501567,0.0,420.9786990098553,421.2528913353668,419.67133068438227,421.80039825854345
1.5000000000000009,0.13114818927603158,0.48108472996917545,12.34893407951307,0.14723228938179211,6.247540715486261,0.0,0.26725012046364705,1.1147359456501351,3.2151476426350554,0.12037409357612312,-0.028675366692499784,0.0,457.76953840888194,458.75222181609496,457.92937872206335,459.0584416466774
1.560000000000001,0.14786345749584476,0.5507583652015334,12.542932704549075,0.15482206777292085,6.246452250109595,0.0,0.29004475461775664,1.2083650500137555,3.251206370244422,0.13654930059082612,-0.002697711435153509,0.0,428.21701569332777,430.42120857296493,429.0974309742392,430.4834223864365
1.620000000000001,0.16599381640759117,0.6263269159004954,12.739930283603186,0.16322813647651113,6.246507918430851,0.0,0.3142939755148148,1.31133143987547,3.315000369925543,0.14639022201432156,0.007339761871156181,0.0,439.3500752709673,440.18152252123826,438.1968418289355,439.0326147982427
1.680000000000001,0.18562140324714335,0.7084407430647065,12.941958844384622,0.1720387484084318,6.246630436995137,0.0,0.33991025324201335,1.426612834217878,3.418745475752684,0.14773401555352822,-0.011517818226014005,0.0,453.10524981624616,451.58660059430406,453.0155346236137,453.14332773676904
1.740000000000001,0.20682500221201516,0.797830561723652,13.1512070720312,0.18103494747698967,6.246405888382636,0.0,0.3669014953896856,1.5538923249019738,3.5555052266631697,0.15400864068148232,0.008477204598072491,0.0,463.84141680599913,465.4091599760672,463.2858421678217,463.7990370708515
1.8000000000000012,0.22965143341276648,0.8950649235978598,13.368708820363434,0.19039151498445506,6.246914844417304,0.0,0.3939007493834181,1.6881254057598398,3.693813078040546,0.1595503881819138,0.008493390637471206,0.0,465.5618089251286,465.5629522840791,466.2286648382375,466.6831849401202
1.8600000000000012,0.25392056372544675,0.9996809338999476,13.58998774135265,0.19962072338856274,6.24762985872859,0.0,0.4150114821605524,1.7998400200901445,3.6819353060167006,0.13878333168961127,0.018009245253777312,0.0,418.75759743704117,419.5845090087424,420.33114842971366,418.55097768582914
1.9200000000000013,0.27953582353735307,1.1116815946367113,13.813134453994609,0.2081020104232696,6.248486637974732,0.0,0.4387160497813014,1.9342301908789814,3.7557572538034085,0.1460517843560206,0.0055211081031365005,0.0,448.321011033379,447.3050023491544,447.8351039710815,448.44433702824904
1.9800000000000013,0.3066012626774251,1.2321699850441943,14.041905743566147,0.21681472996251472,6.249172793536697,0.0,0.46338725181428625,2.0828051222469663,3.869229370729281,0.14347931949210677,0.021213473107417436,0.0,460.93078986391305,462.1692541026511,461.74000008336475,461.55585377376826
2.0400000000000014,0.3351222626148932,1.3617089096455912,14.277272820958514,0.22525385424127542,6.2503380335012615,0.0,0.4871620948895616,2.2358745493860552,3.975617882289953,0.13430293689433148,0.015569927516334778,0.0,461.3926962897778,460.9468330806644,461.03054882854525,460.3224637164388
2.1000000000000014,0.36495325819985447,1.4999714360502863,14.516275400102836,0.23332788482451328,6.252214742101533,0.0,0.5070548983511485,2.3735007845851137,3.9907733300988855,0.13508991270797033,0.05177090762899309,0.0,430.99341983014614,434.04292926894635,433.78590101335107,433.8691740741126
2.1600000000000015,0.39587742203215026,1.6461800098794557,14.754284123919026,0.2416377471512785,6.255134939342071,0.0,0.5234980431407561,2.5007293564153996,3.9427387089596984,0.14455888487993346,0.041610002927510374,0.0,413.1310298548652,412.235673391403,411.8886492552077,412.7446625933589
2.2200000000000015,0.427816284996264,1.8008089906611178,14.992047632856515,0.24988515288446145,6.257337800100178,0.0,0.5408897249718871,2.654222187332869,3.982205127732405,0.11689619373711385,0.024480447098148787,0.0,443.0679644644952,441.6578686860275,443.38055659445627,441.11889327561244
2.2800000000000016,0.46085102305601894,1.9656870996130087,15.235663129955565,0.25704739268634214,6.259241350197138,0.0,0.5600482370607858,2.842218875987534,4.137324418468011,0.12390565461441208,0.04327179029196153,0.0,479.5073664085496,480.93316634250704,478.70692339749945,479.251721956873
2.3400000000000016,0.4948643932089158,2.1406660445848584,15.483531692760714,0.26439456358384383,6.262005203272633,0.0,0.5734858556412136,2.9909297454810266,4.124671268932696,0.119379541492145,0.05113248388757579,0.0,427.73852027471884,428.40884149899773,428.555790641063,428.1850327044045
2.4000000000000017,0.5296453370794636,2.3248565410046824,15.731266495255849,0.2719949481207644,6.265810244711378,0.0,0.5855473950167954,3.149260254911457,4.132759902874886,0.13827261204280714,0.08069523076378521,0.0,434.68723384669767,437.1606920347981,434.96845601497927,436.56273461524205
2.4600000000000017,0.565124458488734,2.519509842926172,15.98244948667431,0.2803073645344796,6.270388713262022,0.0,0.5965672192624717,3.339759439541994,4.239110541322829,0.13906969722208948,0.06565325423971533,0.0,469.02417541725794,467.858553152563,468.2316552522569,468.3103943651504
2.520000000000002,0.6011520002572351,2.725408209600716,16.23879426322226,0.2885934446659917,6.275145787855617,0.0,0.6038914134924942,3.5240745736972223,4.304969383678704,0.13609302964467382,0.09787995654276385,0.0,455.92457260398135,458.4969867011555,457.94475023902976,457.72494282434087
2.580000000000002,0.6375393714443036,2.943552443838915,16.502546780794646,0.2970246098663232,6.2812981218460155,0.0,0.6082909006684903,3.7479175374909937,4.485435620450226,0.14815128356839533,0.11051879616321054,0.0,494.34345155294653,495.28188510111556,493.3127627650191,494.2185508339815
2.640000000000002,0.67403305656395,3.1732028081793424,16.770249170457127,0.30546592001984063,0.004874388166839161,0.0,0.607596756259651,3.907664881498455,4.437722478606469,0.118418694332939,0.11671714484633038,0.0,424.7162087820072,425.2594801123829,425.03776369763693,422.50031980587346
2.700000000000002,0.7103376186266533,3.414013418630884,17.039686110553827,0.3125661589410136,0.012136676965709192,0.0,0.6017849022912468,4.119705181868435,4.542511706661871,0.11817421587234421,0.12851295056120215,0.0,474.8537268951941,475.7699697776064,474.23012500288746,474.2229598912627
2.760000000000002,0.7461773597545045,3.6666108443601093,17.31211316251355,0.31927475596090815,0.019669089431878284,0.0,0.5921772741464929,4.300577865368462,4.537935369898816,0.09437585269661496,0.11881808930459413,0.0,441.93946750260346,441.15390663514944,442.9294405494247,440.97843485892844
2.820000000000002,0.7813128155297121,3.92999040814136,17.58377133510656,0.3247620948253225,0.02678224856618172,0.0,0.5783739258855928,4.4789846571749505,4.517004653813068,0.08486619428047294,0.1180169448678665,0.0,437.597901877771,437.54406875278266,437.26827538085155,436.48235551090613
2.880000000000002,0.815364125753199,4.205586573276062,17.85845251143174,0.32949428568719696,0.033869416805397456,0.0,0.5559090522354181,4.707587080249331,4.637955927116711,0.0628445743757164,0.11832354439209178,0.0,482.7769210703997,482.8113720483233,485.1617520829947,483.50951478645976
2.940000000000002,0.8480134823654788,4.493979126873716,18.13750726061755,0.3333069251636802,0.04117266390667318,0.0,0.5317248998146389,4.905496781645114,4.6633284610245935,0.06490674003890104,0.12776604118008725,0.0,455.41027747920765,456.1779952219545,455.3123828749606,455.48019594860176
3.000000000000002,0.879097983961994,4.794041533467706,18.41738604807285,0.33723125177547253,0.048598626723377336,0.0,0.503739608750582,5.096603649940894,4.6655289921994605,0.06638417917849108,0.1142535448969848,0.0,450.2377023703758,449.15651885097685,448.60491810824925,448.72800698880405
3.0600000000000023,0.9082447824813339,5.106408665656112,18.699681225817642,0.3417536986190086,0.05554955749259083,0.0,0.4671408363198644,5.315574660391448,4.743413550915597,0.0890604078179493,0.11885976913516308,0.0,474.5466492664124,474.91120912306263,473.5016065600025,475.2471430820254
3.1200000000000023,0.9352877489713262,5.4305476555821945,18.982645875658417,0.3471110826665802,0.06268518730872596,0.0,0.4337009382396664,5.4892363613162,4.688529822408643,0.08974416986417565,0.11906148326279005,0.0,432.21667186591,432.2468329578437,433.568261391282,433.63258414355573
3.1800000000000024,0.9600784737995172,5.76581198777613,19.26412094449663,0.35274682729549944,0.07031697385406144,0.0,0.39199676289826885,5.68634370395277,4.693386739358441,0.1011996763123866,0.13985055479551478,0.0,451.8352663008136,453.52267956237125,454.0302651243536,454.9558026775612
3.2400000000000024,0.9820891225509499,6.113586751438126,19.547553209373092,0.3590678393206037,0.07843450861312817,0.0,0.3409097024229399,5.906223101280911,4.753373793669354,0.11256791990246183,0.12412690725776157,0.0,474.00214246568015,472.8075315752805,471.71035915584616,472.5965285882811
3.3000000000000025,1.0008466752944238,6.474738466538194,19.83482181576576,0.3664638274966068,0.08599983623503693,0.0,0.2836460565937392,6.132292730575978,4.821123302351989,0.1388778714490234,0.12974564188873236,0.0,476.5914294736573,477.0340455962175,476.95452059348287,478.9723092361844
3.3600000000000025,1.0165218243263563,6.847454844992457,20.12064843712065,0.37475229574792657,0.0936925339373067,0.0,0.2382747063762687,6.291986994099121,4.706363407716318,0.13662716911010905,0.1249557734202227,0.0,418.0966949628926,417.6952073116526,419.02564074927153,418.8488414800011
3.4200000000000026,1.0288835889176706,7.231660296478384,20.404202782667223,0.38297853717795505,0.10115160561843162,0.0,0.17313239327791782,6.515059022185936,4.744376091719517,0.13804003884557306,0.12301185778820722,0.0,470.78437096929594,470.6469881470962,470.7477955185391,470.8733747724658
3.4800000000000026,1.037560974382361,7.627997913443568,20.686628034772752,0.3920369507807102,0.10818153604452085,0.0,0.11555334666225855,6.696539460626705,4.66939686535531,0.16888622434726988,0.10170188334088372,0.0,436.4820728748336,434.7119001728127,433.456480594111,436.0629126599494
3.5400000000000027,1.0421309035699333,8.037217127804801,20.96907393550881,0.4018125888102553,0.11398111675675615,0.0,0.036296138819388854,6.94435479208356,4.743954460467084,0.1470585931708175,0.08396152172343835,0.0,485.948718805039,484.6237737881325,487.3965252165413,485.7845145090186
3.6000000000000028,1.0424207165118586,8.459423608963288,21.251191384146864,0.41109201317454325,0.11993095987306379,0.0,-0.027046196381086008,7.129524129139221,4.659541930795133,0.16664157437313812,0.11920208479472186,0.0,434.39373420484674,437.34780812031994,435.6138689169128,437.2715527886798
3.660000000000003,1.0383721355032882,8.894272495910641,21.53148970773316,0.42083498828759147,0.12657687455001554,0.0,-0.10845679787404282,7.36565325110756,4.68247473887752,0.15212174898287095,0.08297647499009977,0.0,474.7055210176168,471.9262711355319,474.6858312610612,473.59316303618806
3.720000000000003,1.0301962076417692,9.340598833763583,21.806850242129943,0.43000445389889563,0.13163222933912078,0.0,-0.1644326039963205,7.512323977005574,4.496438796964199,0.15419229555349895,0.08669774519370325,0.0,402.3009535866654,402.64448212219725,402.3128952517529,402.52507660785255
3.780000000000003,1.0179142586381358,9.797924996695512,22.07567884474362,0.4394496943875792,0.13730291233866687,0.0,-0.24534471111757308,7.732059522152153,4.463619945808315,0.16319429236169974,0.10677099594301194,0.0,456.1493891381037,457.75714025658425,457.96169259584127,458.6999312412062
3.840000000000003,1.0002841669956453,10.269729895244149,22.3450161005181,0.44967458177868913,0.14352751585224421,0.0,-0.34277093198006503,7.994826727818091,4.5126961668456635,0.18191699803060665,0.09687801889181982,0.0,487.29777139764735,486.56579827086773,486.2933404189669,487.7188844797647
3.900000000000003,0.9769757779939464,10.756561440042002,22.61541362659254,0.4608621302229885,0.14969780713127,0.0,-0.43457021565775733,8.23308725339787,4.499284229317928,0.1942608178012843,0.11267137622972566,0.0,469.5565220737528,470.7888987411692,469.2103471607515,470.1994655248638
3.960000000000003,0.9482723708209781,11.257149404523009,22.8835821361685,0.47296776169488997,0.15602343748557157,0.0,-0.5226444880150606,8.453468233969842,4.43863284205387,0.21361614787208608,0.08419858833998689,0.0,457.5846734283655,455.3207467417333,456.184706869113,457.7663271246986
4.020000000000002,0.9146205205836512,11.769830557001548,23.14558142366617,0.4858014819257894,0.16057449620617525,0.0,-0.5993850912984314,8.636361207690953,4.294200618279621,0.2144469572206162,0.04862064765851708,0.0,429.7708772583901,426.7480235561734,429.58033833030584,429.69767718201854
4.080000000000001,0.8758165693892385,12.295014705572765,23.401526911400627,0.49838613027059875,0.16353477346079703,0.0,-0.6941606687112104,8.870037622083542,4.236123044123892,0.19814241152352866,0.050734835133072566,0.0,462.4806226437967,462.6485718431517,461.0408943188626,459.79188034573156
4.14,0.8314778390192801,12.83377225469449,23.652852992888402,0.5101537763678188,0.16731415056673882,0.0,-0.7839466885235389,9.088760407003512,4.140533212895411,0.19176565699658038,0.08023718458113278,0.0,450.3186759709204,452.70224529790823,450.4807032620308,450.00161208064037
4.199999999999998,0.7816343127976547,13.385917430526378,23.898667373128028,0.522163321299475,0.17218628754623566,0.0,-0.8777496871137047,9.316215980907248,4.052281736401005,0.2131214375387833,0.08306467256485743,0.0,455.5229215364291,455.75418893109713,454.8491939860737,456.5944410799855
4.259999999999997,0.7267517449435414,13.949910381987015,24.135814158480354,0.5345827206669753,0.17786690911458258,0.0,-0.9520007684799456,9.48395315238484,3.8524283272976,0.19048235379120174,0.11126211146219832,0.0,414.7745580787943,417.2524366013094,416.89475098090185,414.95598596903363
4.319999999999996,0.6673456996954972,14.524023728615077,24.3609078390938,0.5456891598201032,0.18461613983888103,0.0,-1.028619696212396,9.653449448964729,3.6505786960304776,0.1713157767980568,0.11482911144589265,0.0,415.38367578455484,415.70867145967424,416.4474560030296,414.8024301377233
4.379999999999995,0.6024281190556106,15.11065236222056,24.577632392800965,0.5559160501250959,0.19163315555078597,0.0,-1.1356858405089088,9.90066263118024,3.5724662360620254,0.16865655783814434,0.12088330161648975,0.0,462.71194109052385,463.2000939180407,463.47719658209155,463.29463478333616
4.439999999999993,0.5310444249298335,15.71197415375819,24.789286362562837,0.565940401043445,0.19847308371906625,0.0,-1.2441571156271827,10.143190625467668,3.481630392218342,0.16370469035156943,0.09440185564965503,0.0,462.77947676734186,460.70031428501306,460.87472098428356,460.50863064678674
4.499999999999992,0.4530147349801106,16.32798877975783,24.99557540048792,0.575985087680789,0.2037862830662629,0.0,-1.3570670042298134,10.39036089461567,3.39359393645514,0.1739420692743767,0.07307602366584125,0.0,465.13100147366964,463.46327274271744,464.8230477300255,465.6502257936194
4.559999999999991,0.36770954638890796,16.959995121133545,25.198225257283102,0.5864952173532689,0.20885534111974025,0.0,-1.486530082838131,10.676038466186846,3.359757198663843,0.1775126237564146,0.10085740014697905,0.0,486.0379545073894,488.1212123114855,486.8500702264252,487.14381621783684
4.6199999999999894,0.2744214271721034,17.609532218036193,25.39924466887659,0.5971891944402383,0.21471370625146147,0.0,-1.6232303711630152,10.974592384523973,3.3390152356795584,0.1796340000155983,0.09027577326447442,0.0,496.4464665229938,495.6762061411923,495.061782081688,495.24497635789623
4.679999999999988,0.17449183049979142,18.272775525237268,25.592663080240715,0.6084299328280505,0.22003368441195104,0.0,-1.7080638120966471,11.133690266852339,3.108239242459294,0.1994694310544991,0.0852382390049242,0.0,419.9104787700848,419.4800967180618,419.477366332652,421.23288703821987
4.739999999999987,0.06948520770985896,18.945415627669007,25.771957548652075,0.6201293237845675,0.2250500154216848,0.0,-1.7924375964299404,11.287848971315825,2.8682065236151733,0.1840718504533079,0.08012437721120329,0.0,416.5542573608243,416.1128322318327,417.0036286825078,415.69554178171467
4.799999999999986,-0.04236806665934435,19.63172185403767,25.942954881389753,0.6313155021248109,0.2304314063746098,0.0,-1.9360165259014683,11.588298415194835,2.8298020093077003,0.19078291218277305,0.10404255341902373,0.0,494.6324304746355,496.39695204253104,494.9139222288988,495.4375769313426
4.859999999999984,-0.16182421787498064,20.33334216453365,26.107768910405504,0.643293414604285,0.2370828051179057,0.0,-2.0461024820242257,11.798826188723634,2.663175797207743,0.21313964445650557,0.12183594318089344,0.0,450.3710887320219,451.81904787358894,450.863843988243,452.70496814496414
4.919999999999983,-0.28826748528919627,21.048365912671546,26.26349193330874,0.6558829821730363,0.2445144113883071,0.0,-2.168909970713557,12.034914076969022,2.526315863080099,0.20221796989335886,0.1276252398715703,0.0,465.21238803250884,465.67879084906434,466.2443521539704,465.4309773712428
4.979999999999982,-0.422201362353029,21.7776493279216,26.410981065160033,0.6679374806403073,0.25164722451771304,0.0,-2.295778625242655,12.274038982267605,2.3887192359321494,0.19815608223120407,0.08894793076001847,0.0,469.7718165271821,466.7729982749319,469.1422784569844,468.86387766224885
5.0399999999999805,-0.5624072841339747,22.517877409860972,26.545797701279795,0.6796848612846222,0.2567810282172873,0.0,-2.37805004154089,12.400432712693128,2.1053921988701605,0.19058791702081054,0.0777553896060077,0.0,410.957437266972,409.97028075516414,410.39423954925286,409.7625240895637
